
 **** DERIVATIVE DATABASE ****    
+DDB, Version number    100401

  Note : temporary (transfer) database

    usepaw         0
     natom         2
      nkpt         1
    nsppol         2
      nsym        12
    ntypat         2
    occopt         7
     nband        10
     acell  0.60300000000000D+01  0.60300000000000D+01  0.32970000000000D+02
       amu  0.95940000000000D+02  0.32066000000000D+02
   dilatmx  0.10000000000000D+01
      ecut  0.20000000000000D+02
    ecutsm  0.00000000000000D+00
     intxc         0
      iscf         7
       ixc        11
       kpt  0.00000000000000D+00  0.00000000000000D+00  0.00000000000000D+00
    kptnrm  0.10000000000000D+01
     ngfft        27   27  135
    nspden         2
   nspinor         1
       occ  0.10000000000000D+01  0.10000000000000D+01  0.10000000000000D+01
            0.10000000000000D+01  0.10000000000000D+01  0.10000000000000D+01
            0.10000000000000D+01  0.10000000000000D+01  0.10000000000000D+01
            0.10000000000000D+01
     rprim  0.86602540378444D+00 -0.50000000000000D+00  0.00000000000000D+00
            0.86602540378444D+00  0.50000000000000D+00  0.00000000000000D+00
            0.00000000000000D+00  0.00000000000000D+00  0.10000000000000D+01
  dfpt_sciss  0.00000000000000D+00
    spinat  0.00000000000000D+00  0.00000000000000D+00  0.10000000000000D+01
            0.00000000000000D+00  0.00000000000000D+00  0.10000000000000D+01
    symafm         1    1    1    1    1    1    1    1    1    1    1    1
    symrel         1    0    0    0    1    0    0    0    1
                  -1    1    0    0    1    0    0    0    1
                   0    1    0   -1    1    0    0    0    1
                  -1    0    0   -1    1    0    0    0    1
                  -1    1    0   -1    0    0    0    0    1
                   0   -1    0   -1    0    0    0    0    1
                  -1    0    0    0   -1    0    0    0    1
                   1   -1    0    0   -1    0    0    0    1
                   0   -1    0    1   -1    0    0    0    1
                   1    0    0    1   -1    0    0    0    1
                   1   -1    0    1    0    0    0    0    1
                   0    1    0    1    0    0    0    0    1
     tnons  0.00000000000000D+00  0.00000000000000D+00  0.00000000000000D+00
            0.50000000000000D+00 -0.25000000000000D+00  0.00000000000000D+00
            0.50000000000000D+00 -0.25000000000000D+00  0.00000000000000D+00
           -0.25000000000000D+00  0.00000000000000D+00  0.00000000000000D+00
           -0.25000000000000D+00  0.00000000000000D+00  0.00000000000000D+00
            0.50000000000000D+00  0.50000000000000D+00  0.00000000000000D+00
            0.50000000000000D+00  0.50000000000000D+00  0.00000000000000D+00
            0.00000000000000D+00 -0.25000000000000D+00  0.00000000000000D+00
            0.00000000000000D+00 -0.25000000000000D+00  0.00000000000000D+00
           -0.25000000000000D+00  0.50000000000000D+00  0.00000000000000D+00
           -0.25000000000000D+00  0.50000000000000D+00  0.00000000000000D+00
            0.00000000000000D+00  0.00000000000000D+00  0.00000000000000D+00
    tolwfr  0.10000000000000D+01
   tphysel  0.00000000000000D+00
    tsmear  0.10000000000000D-01
     typat         1    2
       wtk  0.10000000000000D+01
      xred  0.25000000000000D+00  0.25000000000000D+00 -0.43979375190000D-01
            0.25000000000000D+00  0.25000000000000D+00  0.43979375190000D-01
     znucl  0.42000000000000D+02  0.16000000000000D+02
      zion  0.14000000000000D+02  0.60000000000000D+01
 
 No information on the potentials yet 
 
 **** Database of total energy derivatives ****
 Number of data blocks=    2
  
 Total energy                 - # elements :       1
 -0.80636232129590D+02  0.00000000000000D+00
  
 1st derivatives              - # elements :      12
   1   1  0.56468863150287D-21  0.00000000000000D+00
   2   1  0.42351647362715D-21  0.00000000000000D+00
   3   1  0.29760500182668D+02  0.00000000000000D+00
   1   2  0.56468863150287D-21  0.00000000000000D+00
   2   2 -0.28234431575143D-21  0.00000000000000D+00
   3   2 -0.29711899248130D+02  0.00000000000000D+00
   1   5  0.44029471298121D-03  0.00000000000000D+00
   2   5  0.44029471298121D-03  0.00000000000000D+00
   3   5 -0.19289794458003D-02  0.00000000000000D+00
   1   6  0.00000000000000D+00  0.00000000000000D+00
   2   6  0.00000000000000D+00  0.00000000000000D+00
   3   6  0.00000000000000D+00  0.00000000000000D+00
