
 **** DERIVATIVE DATABASE ****    
+DDB, Version number    100401

  Note : temporary (transfer) database

    usepaw         0
     natom         3
      nkpt       508
    nsppol         1
      nsym        12
    ntypat         2
    occopt         1
     nband        14
     acell  0.60300000000000D+01  0.60300000000000D+01  0.32970000000000D+02
       amu  0.95940000000000D+02  0.32066000000000D+02
   dilatmx  0.10000000000000D+01
      ecut  0.20000000000000D+02
    ecutsm  0.00000000000000D+00
     intxc         0
      iscf         7
       ixc        11
       kpt -0.83333333333334D-01  0.00000000000000D+00  0.00000000000000D+00
           -0.25000000000000D+00  0.00000000000000D+00  0.00000000000000D+00
           -0.16666666666667D+00  0.00000000000000D+00  0.15625000000000D-01
           -0.83333333333334D-01  0.00000000000000D+00  0.31250000000000D-01
           -0.16666666666667D+00  0.83333333333333D-01  0.00000000000000D+00
           -0.83333333333334D-01  0.83333333333333D-01  0.15625000000000D-01
           -0.41666666666667D+00  0.00000000000000D+00  0.00000000000000D+00
           -0.33333333333333D+00  0.00000000000000D+00  0.15625000000000D-01
           -0.25000000000000D+00  0.00000000000000D+00  0.31250000000000D-01
           -0.16666666666667D+00  0.00000000000000D+00  0.46875000000000D-01
           -0.83333333333334D-01  0.00000000000000D+00  0.62500000000000D-01
           -0.33333333333333D+00  0.83333333333333D-01  0.00000000000000D+00
           -0.25000000000000D+00  0.83333333333333D-01  0.15625000000000D-01
           -0.16666666666667D+00  0.83333333333333D-01  0.31250000000000D-01
           -0.83333333333334D-01  0.83333333333333D-01  0.46875000000000D-01
           -0.25000000000000D+00  0.16666666666667D+00  0.00000000000000D+00
           -0.16666666666667D+00  0.16666666666667D+00  0.15625000000000D-01
            0.50000000000000D+00  0.00000000000000D+00  0.15625000000000D-01
           -0.41666666666667D+00  0.00000000000000D+00  0.31250000000000D-01
           -0.33333333333333D+00  0.00000000000000D+00  0.46875000000000D-01
           -0.25000000000000D+00  0.00000000000000D+00  0.62500000000000D-01
           -0.16666666666667D+00  0.00000000000000D+00  0.78125000000000D-01
           -0.83333333333334D-01  0.00000000000000D+00  0.93750000000000D-01
            0.50000000000000D+00  0.83333333333333D-01  0.00000000000000D+00
           -0.41666666666667D+00  0.83333333333333D-01  0.15625000000000D-01
           -0.33333333333333D+00  0.83333333333333D-01  0.31250000000000D-01
           -0.25000000000000D+00  0.83333333333333D-01  0.46875000000000D-01
           -0.16666666666667D+00  0.83333333333333D-01  0.62500000000000D-01
           -0.83333333333334D-01  0.83333333333333D-01  0.78125000000000D-01
           -0.41666666666667D+00  0.16666666666667D+00  0.00000000000000D+00
           -0.33333333333333D+00  0.16666666666667D+00  0.15625000000000D-01
           -0.25000000000000D+00  0.16666666666667D+00  0.31250000000000D-01
           -0.16666666666667D+00  0.16666666666667D+00  0.46875000000000D-01
           -0.33333333333333D+00  0.25000000000000D+00  0.00000000000000D+00
           -0.25000000000000D+00  0.25000000000000D+00  0.15625000000000D-01
            0.50000000000000D+00  0.00000000000000D+00  0.46875000000000D-01
           -0.41666666666667D+00  0.00000000000000D+00  0.62500000000000D-01
           -0.33333333333333D+00  0.00000000000000D+00  0.78125000000000D-01
           -0.25000000000000D+00  0.00000000000000D+00  0.93750000000000D-01
           -0.16666666666667D+00  0.00000000000000D+00  0.10937500000000D+00
           -0.83333333333334D-01  0.00000000000000D+00  0.12500000000000D+00
            0.33333333333333D+00  0.83333333333333D-01  0.00000000000000D+00
            0.41666666666667D+00  0.83333333333333D-01  0.15625000000000D-01
            0.50000000000000D+00  0.83333333333333D-01  0.31250000000000D-01
           -0.41666666666667D+00  0.83333333333333D-01  0.46875000000000D-01
           -0.33333333333333D+00  0.83333333333333D-01  0.62500000000000D-01
           -0.25000000000000D+00  0.83333333333333D-01  0.78125000000000D-01
           -0.16666666666667D+00  0.83333333333333D-01  0.93750000000000D-01
           -0.83333333333334D-01  0.83333333333333D-01  0.10937500000000D+00
           -0.41666666666667D+00  0.16666666666667D+00  0.31250000000000D-01
           -0.33333333333333D+00  0.16666666666667D+00  0.46875000000000D-01
           -0.25000000000000D+00  0.16666666666667D+00  0.62500000000000D-01
           -0.16666666666667D+00  0.16666666666667D+00  0.78125000000000D-01
            0.50000000000000D+00  0.25000000000000D+00  0.00000000000000D+00
           -0.41666666666667D+00  0.25000000000000D+00  0.15625000000000D-01
           -0.33333333333333D+00  0.25000000000000D+00  0.31250000000000D-01
           -0.25000000000000D+00  0.25000000000000D+00  0.46875000000000D-01
           -0.33333333333333D+00  0.33333333333333D+00  0.15625000000000D-01
            0.50000000000000D+00  0.00000000000000D+00  0.78125000000000D-01
           -0.41666666666667D+00  0.00000000000000D+00  0.93750000000000D-01
           -0.33333333333333D+00  0.00000000000000D+00  0.10937500000000D+00
           -0.25000000000000D+00  0.00000000000000D+00  0.12500000000000D+00
           -0.16666666666667D+00  0.00000000000000D+00  0.14062500000000D+00
           -0.83333333333334D-01  0.00000000000000D+00  0.15625000000000D+00
            0.16666666666667D+00  0.83333333333333D-01  0.00000000000000D+00
            0.25000000000000D+00  0.83333333333333D-01  0.15625000000000D-01
            0.33333333333333D+00  0.83333333333333D-01  0.31250000000000D-01
            0.41666666666667D+00  0.83333333333333D-01  0.46875000000000D-01
            0.50000000000000D+00  0.83333333333333D-01  0.62500000000000D-01
           -0.41666666666667D+00  0.83333333333333D-01  0.78125000000000D-01
           -0.33333333333333D+00  0.83333333333333D-01  0.93750000000000D-01
           -0.25000000000000D+00  0.83333333333333D-01  0.10937500000000D+00
           -0.16666666666667D+00  0.83333333333333D-01  0.12500000000000D+00
           -0.83333333333334D-01  0.83333333333333D-01  0.14062500000000D+00
           -0.41666666666667D+00  0.16666666666667D+00  0.62500000000000D-01
           -0.33333333333333D+00  0.16666666666667D+00  0.78125000000000D-01
           -0.25000000000000D+00  0.16666666666667D+00  0.93750000000000D-01
           -0.16666666666667D+00  0.16666666666667D+00  0.10937500000000D+00
            0.41666666666667D+00  0.25000000000000D+00  0.15625000000000D-01
            0.50000000000000D+00  0.25000000000000D+00  0.31250000000000D-01
           -0.41666666666667D+00  0.25000000000000D+00  0.46875000000000D-01
           -0.33333333333333D+00  0.25000000000000D+00  0.62500000000000D-01
           -0.25000000000000D+00  0.25000000000000D+00  0.78125000000000D-01
           -0.33333333333333D+00  0.33333333333333D+00  0.46875000000000D-01
           -0.41666666666667D+00  0.41666666666667D+00  0.15625000000000D-01
            0.00000000000000D+00  0.00000000000000D+00  0.15625000000000D-01
            0.50000000000000D+00  0.00000000000000D+00  0.10937500000000D+00
           -0.41666666666667D+00  0.00000000000000D+00  0.12500000000000D+00
           -0.33333333333333D+00  0.00000000000000D+00  0.14062500000000D+00
           -0.25000000000000D+00  0.00000000000000D+00  0.15625000000000D+00
           -0.16666666666667D+00  0.00000000000000D+00  0.17187500000000D+00
           -0.83333333333334D-01  0.00000000000000D+00  0.18750000000000D+00
            0.83333333333333D-01  0.83333333333333D-01  0.15625000000000D-01
            0.16666666666667D+00  0.83333333333333D-01  0.31250000000000D-01
            0.25000000000000D+00  0.83333333333333D-01  0.46875000000000D-01
            0.33333333333333D+00  0.83333333333333D-01  0.62500000000000D-01
            0.41666666666667D+00  0.83333333333333D-01  0.78125000000000D-01
            0.50000000000000D+00  0.83333333333333D-01  0.93750000000000D-01
           -0.41666666666667D+00  0.83333333333333D-01  0.10937500000000D+00
           -0.33333333333333D+00  0.83333333333333D-01  0.12500000000000D+00
           -0.25000000000000D+00  0.83333333333333D-01  0.14062500000000D+00
           -0.16666666666667D+00  0.83333333333333D-01  0.15625000000000D+00
           -0.83333333333334D-01  0.83333333333333D-01  0.17187500000000D+00
           -0.41666666666667D+00  0.16666666666667D+00  0.93750000000000D-01
           -0.33333333333333D+00  0.16666666666667D+00  0.10937500000000D+00
           -0.25000000000000D+00  0.16666666666667D+00  0.12500000000000D+00
           -0.16666666666667D+00  0.16666666666667D+00  0.14062500000000D+00
            0.25000000000000D+00  0.25000000000000D+00  0.15625000000000D-01
            0.41666666666667D+00  0.25000000000000D+00  0.46875000000000D-01
            0.50000000000000D+00  0.25000000000000D+00  0.62500000000000D-01
           -0.41666666666667D+00  0.25000000000000D+00  0.78125000000000D-01
           -0.33333333333333D+00  0.25000000000000D+00  0.93750000000000D-01
           -0.25000000000000D+00  0.25000000000000D+00  0.10937500000000D+00
           -0.33333333333333D+00  0.33333333333333D+00  0.78125000000000D-01
            0.41666666666667D+00  0.41666666666667D+00  0.15625000000000D-01
           -0.41666666666667D+00  0.41666666666667D+00  0.46875000000000D-01
            0.00000000000000D+00  0.00000000000000D+00  0.46875000000000D-01
            0.50000000000000D+00  0.00000000000000D+00  0.14062500000000D+00
           -0.41666666666667D+00  0.00000000000000D+00  0.15625000000000D+00
           -0.33333333333333D+00  0.00000000000000D+00  0.17187500000000D+00
           -0.25000000000000D+00  0.00000000000000D+00  0.18750000000000D+00
           -0.16666666666667D+00  0.00000000000000D+00  0.20312500000000D+00
           -0.83333333333334D-01  0.00000000000000D+00  0.21875000000000D+00
            0.83333333333333D-01  0.83333333333333D-01  0.46875000000000D-01
            0.16666666666667D+00  0.83333333333333D-01  0.62500000000000D-01
            0.25000000000000D+00  0.83333333333333D-01  0.78125000000000D-01
            0.33333333333333D+00  0.83333333333333D-01  0.93750000000000D-01
            0.41666666666667D+00  0.83333333333333D-01  0.10937500000000D+00
            0.50000000000000D+00  0.83333333333333D-01  0.12500000000000D+00
           -0.41666666666667D+00  0.83333333333333D-01  0.14062500000000D+00
           -0.33333333333333D+00  0.83333333333333D-01  0.15625000000000D+00
           -0.25000000000000D+00  0.83333333333333D-01  0.17187500000000D+00
           -0.16666666666667D+00  0.83333333333333D-01  0.18750000000000D+00
           -0.83333333333334D-01  0.83333333333333D-01  0.20312500000000D+00
           -0.41666666666667D+00  0.16666666666667D+00  0.12500000000000D+00
           -0.33333333333333D+00  0.16666666666667D+00  0.14062500000000D+00
           -0.25000000000000D+00  0.16666666666667D+00  0.15625000000000D+00
           -0.16666666666667D+00  0.16666666666667D+00  0.17187500000000D+00
            0.25000000000000D+00  0.25000000000000D+00  0.46875000000000D-01
            0.41666666666667D+00  0.25000000000000D+00  0.78125000000000D-01
            0.50000000000000D+00  0.25000000000000D+00  0.93750000000000D-01
           -0.41666666666667D+00  0.25000000000000D+00  0.10937500000000D+00
           -0.33333333333333D+00  0.25000000000000D+00  0.12500000000000D+00
           -0.25000000000000D+00  0.25000000000000D+00  0.14062500000000D+00
           -0.33333333333333D+00  0.33333333333333D+00  0.10937500000000D+00
            0.41666666666667D+00  0.41666666666667D+00  0.46875000000000D-01
           -0.41666666666667D+00  0.41666666666667D+00  0.78125000000000D-01
            0.00000000000000D+00  0.00000000000000D+00  0.78125000000000D-01
            0.50000000000000D+00  0.00000000000000D+00  0.17187500000000D+00
           -0.41666666666667D+00  0.00000000000000D+00  0.18750000000000D+00
           -0.33333333333333D+00  0.00000000000000D+00  0.20312500000000D+00
           -0.25000000000000D+00  0.00000000000000D+00  0.21875000000000D+00
           -0.16666666666667D+00  0.00000000000000D+00  0.23437500000000D+00
           -0.83333333333334D-01  0.00000000000000D+00  0.25000000000000D+00
            0.83333333333333D-01  0.83333333333333D-01  0.78125000000000D-01
            0.16666666666667D+00  0.83333333333333D-01  0.93750000000000D-01
            0.25000000000000D+00  0.83333333333333D-01  0.10937500000000D+00
            0.33333333333333D+00  0.83333333333333D-01  0.12500000000000D+00
            0.41666666666667D+00  0.83333333333333D-01  0.14062500000000D+00
            0.50000000000000D+00  0.83333333333333D-01  0.15625000000000D+00
           -0.41666666666667D+00  0.83333333333333D-01  0.17187500000000D+00
           -0.33333333333333D+00  0.83333333333333D-01  0.18750000000000D+00
           -0.25000000000000D+00  0.83333333333333D-01  0.20312500000000D+00
           -0.16666666666667D+00  0.83333333333333D-01  0.21875000000000D+00
           -0.83333333333334D-01  0.83333333333333D-01  0.23437500000000D+00
           -0.41666666666667D+00  0.16666666666667D+00  0.15625000000000D+00
           -0.33333333333333D+00  0.16666666666667D+00  0.17187500000000D+00
           -0.25000000000000D+00  0.16666666666667D+00  0.18750000000000D+00
           -0.16666666666667D+00  0.16666666666667D+00  0.20312500000000D+00
            0.25000000000000D+00  0.25000000000000D+00  0.78125000000000D-01
            0.41666666666667D+00  0.25000000000000D+00  0.10937500000000D+00
            0.50000000000000D+00  0.25000000000000D+00  0.12500000000000D+00
           -0.41666666666667D+00  0.25000000000000D+00  0.14062500000000D+00
           -0.33333333333333D+00  0.25000000000000D+00  0.15625000000000D+00
           -0.25000000000000D+00  0.25000000000000D+00  0.17187500000000D+00
           -0.33333333333333D+00  0.33333333333333D+00  0.14062500000000D+00
            0.41666666666667D+00  0.41666666666667D+00  0.78125000000000D-01
           -0.41666666666667D+00  0.41666666666667D+00  0.10937500000000D+00
            0.00000000000000D+00  0.00000000000000D+00  0.10937500000000D+00
            0.50000000000000D+00  0.00000000000000D+00  0.20312500000000D+00
           -0.41666666666667D+00  0.00000000000000D+00  0.21875000000000D+00
           -0.33333333333333D+00  0.00000000000000D+00  0.23437500000000D+00
           -0.25000000000000D+00  0.00000000000000D+00  0.25000000000000D+00
           -0.16666666666667D+00  0.00000000000000D+00  0.26562500000000D+00
           -0.83333333333334D-01  0.00000000000000D+00  0.28125000000000D+00
            0.83333333333333D-01  0.83333333333333D-01  0.10937500000000D+00
            0.16666666666667D+00  0.83333333333333D-01  0.12500000000000D+00
            0.25000000000000D+00  0.83333333333333D-01  0.14062500000000D+00
            0.33333333333333D+00  0.83333333333333D-01  0.15625000000000D+00
            0.41666666666667D+00  0.83333333333333D-01  0.17187500000000D+00
            0.50000000000000D+00  0.83333333333333D-01  0.18750000000000D+00
           -0.41666666666667D+00  0.83333333333333D-01  0.20312500000000D+00
           -0.33333333333333D+00  0.83333333333333D-01  0.21875000000000D+00
           -0.25000000000000D+00  0.83333333333333D-01  0.23437500000000D+00
           -0.16666666666667D+00  0.83333333333333D-01  0.25000000000000D+00
           -0.83333333333334D-01  0.83333333333333D-01  0.26562500000000D+00
           -0.41666666666667D+00  0.16666666666667D+00  0.18750000000000D+00
           -0.33333333333333D+00  0.16666666666667D+00  0.20312500000000D+00
           -0.25000000000000D+00  0.16666666666667D+00  0.21875000000000D+00
           -0.16666666666667D+00  0.16666666666667D+00  0.23437500000000D+00
            0.25000000000000D+00  0.25000000000000D+00  0.10937500000000D+00
            0.41666666666667D+00  0.25000000000000D+00  0.14062500000000D+00
            0.50000000000000D+00  0.25000000000000D+00  0.15625000000000D+00
           -0.41666666666667D+00  0.25000000000000D+00  0.17187500000000D+00
           -0.33333333333333D+00  0.25000000000000D+00  0.18750000000000D+00
           -0.25000000000000D+00  0.25000000000000D+00  0.20312500000000D+00
           -0.33333333333333D+00  0.33333333333333D+00  0.17187500000000D+00
            0.41666666666667D+00  0.41666666666667D+00  0.10937500000000D+00
           -0.41666666666667D+00  0.41666666666667D+00  0.14062500000000D+00
            0.00000000000000D+00  0.00000000000000D+00  0.14062500000000D+00
            0.50000000000000D+00  0.00000000000000D+00  0.23437500000000D+00
           -0.41666666666667D+00  0.00000000000000D+00  0.25000000000000D+00
           -0.33333333333333D+00  0.00000000000000D+00  0.26562500000000D+00
           -0.25000000000000D+00  0.00000000000000D+00  0.28125000000000D+00
           -0.16666666666667D+00  0.00000000000000D+00  0.29687500000000D+00
           -0.83333333333334D-01  0.00000000000000D+00  0.31250000000000D+00
            0.83333333333333D-01  0.83333333333333D-01  0.14062500000000D+00
            0.16666666666667D+00  0.83333333333333D-01  0.15625000000000D+00
            0.25000000000000D+00  0.83333333333333D-01  0.17187500000000D+00
            0.33333333333333D+00  0.83333333333333D-01  0.18750000000000D+00
            0.41666666666667D+00  0.83333333333333D-01  0.20312500000000D+00
            0.50000000000000D+00  0.83333333333333D-01  0.21875000000000D+00
           -0.41666666666667D+00  0.83333333333333D-01  0.23437500000000D+00
           -0.33333333333333D+00  0.83333333333333D-01  0.25000000000000D+00
           -0.25000000000000D+00  0.83333333333333D-01  0.26562500000000D+00
           -0.16666666666667D+00  0.83333333333333D-01  0.28125000000000D+00
           -0.83333333333334D-01  0.83333333333333D-01  0.29687500000000D+00
           -0.41666666666667D+00  0.16666666666667D+00  0.21875000000000D+00
           -0.33333333333333D+00  0.16666666666667D+00  0.23437500000000D+00
           -0.25000000000000D+00  0.16666666666667D+00  0.25000000000000D+00
           -0.16666666666667D+00  0.16666666666667D+00  0.26562500000000D+00
            0.25000000000000D+00  0.25000000000000D+00  0.14062500000000D+00
            0.41666666666667D+00  0.25000000000000D+00  0.17187500000000D+00
            0.50000000000000D+00  0.25000000000000D+00  0.18750000000000D+00
           -0.41666666666667D+00  0.25000000000000D+00  0.20312500000000D+00
           -0.33333333333333D+00  0.25000000000000D+00  0.21875000000000D+00
           -0.25000000000000D+00  0.25000000000000D+00  0.23437500000000D+00
           -0.33333333333333D+00  0.33333333333333D+00  0.20312500000000D+00
            0.41666666666667D+00  0.41666666666667D+00  0.14062500000000D+00
           -0.41666666666667D+00  0.41666666666667D+00  0.17187500000000D+00
            0.00000000000000D+00  0.00000000000000D+00  0.17187500000000D+00
            0.50000000000000D+00  0.00000000000000D+00  0.26562500000000D+00
           -0.41666666666667D+00  0.00000000000000D+00  0.28125000000000D+00
           -0.33333333333333D+00  0.00000000000000D+00  0.29687500000000D+00
           -0.25000000000000D+00  0.00000000000000D+00  0.31250000000000D+00
           -0.16666666666667D+00  0.00000000000000D+00  0.32812500000000D+00
           -0.83333333333334D-01  0.00000000000000D+00  0.34375000000000D+00
            0.83333333333333D-01  0.83333333333333D-01  0.17187500000000D+00
            0.16666666666667D+00  0.83333333333333D-01  0.18750000000000D+00
            0.25000000000000D+00  0.83333333333333D-01  0.20312500000000D+00
            0.33333333333333D+00  0.83333333333333D-01  0.21875000000000D+00
            0.41666666666667D+00  0.83333333333333D-01  0.23437500000000D+00
            0.50000000000000D+00  0.83333333333333D-01  0.25000000000000D+00
           -0.41666666666667D+00  0.83333333333333D-01  0.26562500000000D+00
           -0.33333333333333D+00  0.83333333333333D-01  0.28125000000000D+00
           -0.25000000000000D+00  0.83333333333333D-01  0.29687500000000D+00
           -0.16666666666667D+00  0.83333333333333D-01  0.31250000000000D+00
           -0.83333333333334D-01  0.83333333333333D-01  0.32812500000000D+00
           -0.41666666666667D+00  0.16666666666667D+00  0.25000000000000D+00
           -0.33333333333333D+00  0.16666666666667D+00  0.26562500000000D+00
           -0.25000000000000D+00  0.16666666666667D+00  0.28125000000000D+00
           -0.16666666666667D+00  0.16666666666667D+00  0.29687500000000D+00
            0.25000000000000D+00  0.25000000000000D+00  0.17187500000000D+00
            0.41666666666667D+00  0.25000000000000D+00  0.20312500000000D+00
            0.50000000000000D+00  0.25000000000000D+00  0.21875000000000D+00
           -0.41666666666667D+00  0.25000000000000D+00  0.23437500000000D+00
           -0.33333333333333D+00  0.25000000000000D+00  0.25000000000000D+00
           -0.25000000000000D+00  0.25000000000000D+00  0.26562500000000D+00
           -0.33333333333333D+00  0.33333333333333D+00  0.23437500000000D+00
            0.41666666666667D+00  0.41666666666667D+00  0.17187500000000D+00
           -0.41666666666667D+00  0.41666666666667D+00  0.20312500000000D+00
            0.00000000000000D+00  0.00000000000000D+00  0.20312500000000D+00
            0.50000000000000D+00  0.00000000000000D+00  0.29687500000000D+00
           -0.41666666666667D+00  0.00000000000000D+00  0.31250000000000D+00
           -0.33333333333333D+00  0.00000000000000D+00  0.32812500000000D+00
           -0.25000000000000D+00  0.00000000000000D+00  0.34375000000000D+00
           -0.16666666666667D+00  0.00000000000000D+00  0.35937500000000D+00
           -0.83333333333334D-01  0.00000000000000D+00  0.37500000000000D+00
            0.83333333333333D-01  0.83333333333333D-01  0.20312500000000D+00
            0.16666666666667D+00  0.83333333333333D-01  0.21875000000000D+00
            0.25000000000000D+00  0.83333333333333D-01  0.23437500000000D+00
            0.33333333333333D+00  0.83333333333333D-01  0.25000000000000D+00
            0.41666666666667D+00  0.83333333333333D-01  0.26562500000000D+00
            0.50000000000000D+00  0.83333333333333D-01  0.28125000000000D+00
           -0.41666666666667D+00  0.83333333333333D-01  0.29687500000000D+00
           -0.33333333333333D+00  0.83333333333333D-01  0.31250000000000D+00
           -0.25000000000000D+00  0.83333333333333D-01  0.32812500000000D+00
           -0.16666666666667D+00  0.83333333333333D-01  0.34375000000000D+00
           -0.83333333333334D-01  0.83333333333333D-01  0.35937500000000D+00
           -0.41666666666667D+00  0.16666666666667D+00  0.28125000000000D+00
           -0.33333333333333D+00  0.16666666666667D+00  0.29687500000000D+00
           -0.25000000000000D+00  0.16666666666667D+00  0.31250000000000D+00
           -0.16666666666667D+00  0.16666666666667D+00  0.32812500000000D+00
            0.25000000000000D+00  0.25000000000000D+00  0.20312500000000D+00
            0.41666666666667D+00  0.25000000000000D+00  0.23437500000000D+00
            0.50000000000000D+00  0.25000000000000D+00  0.25000000000000D+00
           -0.41666666666667D+00  0.25000000000000D+00  0.26562500000000D+00
           -0.33333333333333D+00  0.25000000000000D+00  0.28125000000000D+00
           -0.25000000000000D+00  0.25000000000000D+00  0.29687500000000D+00
           -0.33333333333333D+00  0.33333333333333D+00  0.26562500000000D+00
            0.41666666666667D+00  0.41666666666667D+00  0.20312500000000D+00
           -0.41666666666667D+00  0.41666666666667D+00  0.23437500000000D+00
            0.00000000000000D+00  0.00000000000000D+00  0.23437500000000D+00
            0.50000000000000D+00  0.00000000000000D+00  0.32812500000000D+00
           -0.41666666666667D+00  0.00000000000000D+00  0.34375000000000D+00
           -0.33333333333333D+00  0.00000000000000D+00  0.35937500000000D+00
           -0.25000000000000D+00  0.00000000000000D+00  0.37500000000000D+00
           -0.16666666666667D+00  0.00000000000000D+00  0.39062500000000D+00
           -0.83333333333334D-01  0.00000000000000D+00  0.40625000000000D+00
            0.83333333333333D-01  0.83333333333333D-01  0.23437500000000D+00
            0.16666666666667D+00  0.83333333333333D-01  0.25000000000000D+00
            0.25000000000000D+00  0.83333333333333D-01  0.26562500000000D+00
            0.33333333333333D+00  0.83333333333333D-01  0.28125000000000D+00
            0.41666666666667D+00  0.83333333333333D-01  0.29687500000000D+00
            0.50000000000000D+00  0.83333333333333D-01  0.31250000000000D+00
           -0.41666666666667D+00  0.83333333333333D-01  0.32812500000000D+00
           -0.33333333333333D+00  0.83333333333333D-01  0.34375000000000D+00
           -0.25000000000000D+00  0.83333333333333D-01  0.35937500000000D+00
           -0.16666666666667D+00  0.83333333333333D-01  0.37500000000000D+00
           -0.83333333333334D-01  0.83333333333333D-01  0.39062500000000D+00
           -0.41666666666667D+00  0.16666666666667D+00  0.31250000000000D+00
           -0.33333333333333D+00  0.16666666666667D+00  0.32812500000000D+00
           -0.25000000000000D+00  0.16666666666667D+00  0.34375000000000D+00
           -0.16666666666667D+00  0.16666666666667D+00  0.35937500000000D+00
            0.25000000000000D+00  0.25000000000000D+00  0.23437500000000D+00
            0.41666666666667D+00  0.25000000000000D+00  0.26562500000000D+00
            0.50000000000000D+00  0.25000000000000D+00  0.28125000000000D+00
           -0.41666666666667D+00  0.25000000000000D+00  0.29687500000000D+00
           -0.33333333333333D+00  0.25000000000000D+00  0.31250000000000D+00
           -0.25000000000000D+00  0.25000000000000D+00  0.32812500000000D+00
           -0.33333333333333D+00  0.33333333333333D+00  0.29687500000000D+00
            0.41666666666667D+00  0.41666666666667D+00  0.23437500000000D+00
           -0.41666666666667D+00  0.41666666666667D+00  0.26562500000000D+00
            0.00000000000000D+00  0.00000000000000D+00  0.26562500000000D+00
            0.50000000000000D+00  0.00000000000000D+00  0.35937500000000D+00
           -0.41666666666667D+00  0.00000000000000D+00  0.37500000000000D+00
           -0.33333333333333D+00  0.00000000000000D+00  0.39062500000000D+00
           -0.25000000000000D+00  0.00000000000000D+00  0.40625000000000D+00
           -0.16666666666667D+00  0.00000000000000D+00  0.42187500000000D+00
           -0.83333333333334D-01  0.00000000000000D+00  0.43750000000000D+00
            0.83333333333333D-01  0.83333333333333D-01  0.26562500000000D+00
            0.16666666666667D+00  0.83333333333333D-01  0.28125000000000D+00
            0.25000000000000D+00  0.83333333333333D-01  0.29687500000000D+00
            0.33333333333333D+00  0.83333333333333D-01  0.31250000000000D+00
            0.41666666666667D+00  0.83333333333333D-01  0.32812500000000D+00
            0.50000000000000D+00  0.83333333333333D-01  0.34375000000000D+00
           -0.41666666666667D+00  0.83333333333333D-01  0.35937500000000D+00
           -0.33333333333333D+00  0.83333333333333D-01  0.37500000000000D+00
           -0.25000000000000D+00  0.83333333333333D-01  0.39062500000000D+00
           -0.16666666666667D+00  0.83333333333333D-01  0.40625000000000D+00
           -0.83333333333334D-01  0.83333333333333D-01  0.42187500000000D+00
           -0.41666666666667D+00  0.16666666666667D+00  0.34375000000000D+00
           -0.33333333333333D+00  0.16666666666667D+00  0.35937500000000D+00
           -0.25000000000000D+00  0.16666666666667D+00  0.37500000000000D+00
           -0.16666666666667D+00  0.16666666666667D+00  0.39062500000000D+00
            0.25000000000000D+00  0.25000000000000D+00  0.26562500000000D+00
            0.41666666666667D+00  0.25000000000000D+00  0.29687500000000D+00
            0.50000000000000D+00  0.25000000000000D+00  0.31250000000000D+00
           -0.41666666666667D+00  0.25000000000000D+00  0.32812500000000D+00
           -0.33333333333333D+00  0.25000000000000D+00  0.34375000000000D+00
           -0.25000000000000D+00  0.25000000000000D+00  0.35937500000000D+00
           -0.33333333333333D+00  0.33333333333333D+00  0.32812500000000D+00
            0.41666666666667D+00  0.41666666666667D+00  0.26562500000000D+00
           -0.41666666666667D+00  0.41666666666667D+00  0.29687500000000D+00
            0.00000000000000D+00  0.00000000000000D+00  0.29687500000000D+00
            0.50000000000000D+00  0.00000000000000D+00  0.39062500000000D+00
           -0.41666666666667D+00  0.00000000000000D+00  0.40625000000000D+00
           -0.33333333333333D+00  0.00000000000000D+00  0.42187500000000D+00
           -0.25000000000000D+00  0.00000000000000D+00  0.43750000000000D+00
           -0.16666666666667D+00  0.00000000000000D+00  0.45312500000000D+00
           -0.83333333333334D-01  0.00000000000000D+00  0.46875000000000D+00
            0.83333333333333D-01  0.83333333333333D-01  0.29687500000000D+00
            0.16666666666667D+00  0.83333333333333D-01  0.31250000000000D+00
            0.25000000000000D+00  0.83333333333333D-01  0.32812500000000D+00
            0.33333333333333D+00  0.83333333333333D-01  0.34375000000000D+00
            0.41666666666667D+00  0.83333333333333D-01  0.35937500000000D+00
            0.50000000000000D+00  0.83333333333333D-01  0.37500000000000D+00
           -0.41666666666667D+00  0.83333333333333D-01  0.39062500000000D+00
           -0.33333333333333D+00  0.83333333333333D-01  0.40625000000000D+00
           -0.25000000000000D+00  0.83333333333333D-01  0.42187500000000D+00
           -0.16666666666667D+00  0.83333333333333D-01  0.43750000000000D+00
           -0.83333333333334D-01  0.83333333333333D-01  0.45312500000000D+00
           -0.41666666666667D+00  0.16666666666667D+00  0.37500000000000D+00
           -0.33333333333333D+00  0.16666666666667D+00  0.39062500000000D+00
           -0.25000000000000D+00  0.16666666666667D+00  0.40625000000000D+00
           -0.16666666666667D+00  0.16666666666667D+00  0.42187500000000D+00
            0.25000000000000D+00  0.25000000000000D+00  0.29687500000000D+00
            0.41666666666667D+00  0.25000000000000D+00  0.32812500000000D+00
            0.50000000000000D+00  0.25000000000000D+00  0.34375000000000D+00
           -0.41666666666667D+00  0.25000000000000D+00  0.35937500000000D+00
           -0.33333333333333D+00  0.25000000000000D+00  0.37500000000000D+00
           -0.25000000000000D+00  0.25000000000000D+00  0.39062500000000D+00
           -0.33333333333333D+00  0.33333333333333D+00  0.35937500000000D+00
            0.41666666666667D+00  0.41666666666667D+00  0.29687500000000D+00
           -0.41666666666667D+00  0.41666666666667D+00  0.32812500000000D+00
            0.00000000000000D+00  0.00000000000000D+00  0.32812500000000D+00
            0.50000000000000D+00  0.00000000000000D+00  0.42187500000000D+00
           -0.41666666666667D+00  0.00000000000000D+00  0.43750000000000D+00
           -0.33333333333333D+00  0.00000000000000D+00  0.45312500000000D+00
           -0.25000000000000D+00  0.00000000000000D+00  0.46875000000000D+00
           -0.16666666666667D+00  0.00000000000000D+00  0.48437500000000D+00
           -0.83333333333334D-01  0.00000000000000D+00  0.50000000000000D+00
            0.83333333333333D-01  0.83333333333333D-01  0.32812500000000D+00
            0.16666666666667D+00  0.83333333333333D-01  0.34375000000000D+00
            0.25000000000000D+00  0.83333333333333D-01  0.35937500000000D+00
            0.33333333333333D+00  0.83333333333333D-01  0.37500000000000D+00
            0.41666666666667D+00  0.83333333333333D-01  0.39062500000000D+00
            0.50000000000000D+00  0.83333333333333D-01  0.40625000000000D+00
           -0.41666666666667D+00  0.83333333333333D-01  0.42187500000000D+00
           -0.33333333333333D+00  0.83333333333333D-01  0.43750000000000D+00
           -0.25000000000000D+00  0.83333333333333D-01  0.45312500000000D+00
           -0.16666666666667D+00  0.83333333333333D-01  0.46875000000000D+00
           -0.83333333333334D-01  0.83333333333333D-01  0.48437500000000D+00
           -0.41666666666667D+00  0.16666666666667D+00  0.40625000000000D+00
           -0.33333333333333D+00  0.16666666666667D+00  0.42187500000000D+00
           -0.25000000000000D+00  0.16666666666667D+00  0.43750000000000D+00
           -0.16666666666667D+00  0.16666666666667D+00  0.45312500000000D+00
            0.25000000000000D+00  0.25000000000000D+00  0.32812500000000D+00
            0.41666666666667D+00  0.25000000000000D+00  0.35937500000000D+00
            0.50000000000000D+00  0.25000000000000D+00  0.37500000000000D+00
           -0.41666666666667D+00  0.25000000000000D+00  0.39062500000000D+00
           -0.33333333333333D+00  0.25000000000000D+00  0.40625000000000D+00
           -0.25000000000000D+00  0.25000000000000D+00  0.42187500000000D+00
           -0.33333333333333D+00  0.33333333333333D+00  0.39062500000000D+00
            0.41666666666667D+00  0.41666666666667D+00  0.32812500000000D+00
           -0.41666666666667D+00  0.41666666666667D+00  0.35937500000000D+00
            0.00000000000000D+00  0.00000000000000D+00  0.35937500000000D+00
            0.50000000000000D+00  0.00000000000000D+00  0.45312500000000D+00
           -0.41666666666667D+00  0.00000000000000D+00  0.46875000000000D+00
           -0.33333333333333D+00  0.00000000000000D+00  0.48437500000000D+00
           -0.25000000000000D+00  0.00000000000000D+00  0.50000000000000D+00
            0.83333333333333D-01  0.83333333333333D-01  0.35937500000000D+00
            0.16666666666667D+00  0.83333333333333D-01  0.37500000000000D+00
            0.25000000000000D+00  0.83333333333333D-01  0.39062500000000D+00
            0.33333333333333D+00  0.83333333333333D-01  0.40625000000000D+00
            0.41666666666667D+00  0.83333333333333D-01  0.42187500000000D+00
            0.50000000000000D+00  0.83333333333333D-01  0.43750000000000D+00
           -0.41666666666667D+00  0.83333333333333D-01  0.45312500000000D+00
           -0.33333333333333D+00  0.83333333333333D-01  0.46875000000000D+00
           -0.25000000000000D+00  0.83333333333333D-01  0.48437500000000D+00
           -0.16666666666667D+00  0.83333333333333D-01  0.50000000000000D+00
           -0.41666666666667D+00  0.16666666666667D+00  0.43750000000000D+00
           -0.33333333333333D+00  0.16666666666667D+00  0.45312500000000D+00
           -0.25000000000000D+00  0.16666666666667D+00  0.46875000000000D+00
           -0.16666666666667D+00  0.16666666666667D+00  0.48437500000000D+00
            0.25000000000000D+00  0.25000000000000D+00  0.35937500000000D+00
            0.41666666666667D+00  0.25000000000000D+00  0.39062500000000D+00
            0.50000000000000D+00  0.25000000000000D+00  0.40625000000000D+00
           -0.41666666666667D+00  0.25000000000000D+00  0.42187500000000D+00
           -0.33333333333333D+00  0.25000000000000D+00  0.43750000000000D+00
           -0.25000000000000D+00  0.25000000000000D+00  0.45312500000000D+00
           -0.33333333333333D+00  0.33333333333333D+00  0.42187500000000D+00
            0.41666666666667D+00  0.41666666666667D+00  0.35937500000000D+00
           -0.41666666666667D+00  0.41666666666667D+00  0.39062500000000D+00
            0.00000000000000D+00  0.00000000000000D+00  0.39062500000000D+00
            0.50000000000000D+00  0.00000000000000D+00  0.48437500000000D+00
           -0.41666666666667D+00  0.00000000000000D+00  0.50000000000000D+00
            0.83333333333333D-01  0.83333333333333D-01  0.39062500000000D+00
            0.16666666666667D+00  0.83333333333333D-01  0.40625000000000D+00
            0.25000000000000D+00  0.83333333333333D-01  0.42187500000000D+00
            0.33333333333333D+00  0.83333333333333D-01  0.43750000000000D+00
            0.41666666666667D+00  0.83333333333333D-01  0.45312500000000D+00
            0.50000000000000D+00  0.83333333333333D-01  0.46875000000000D+00
           -0.41666666666667D+00  0.83333333333333D-01  0.48437500000000D+00
           -0.33333333333333D+00  0.83333333333333D-01  0.50000000000000D+00
           -0.41666666666667D+00  0.16666666666667D+00  0.46875000000000D+00
           -0.33333333333333D+00  0.16666666666667D+00  0.48437500000000D+00
           -0.25000000000000D+00  0.16666666666667D+00  0.50000000000000D+00
            0.25000000000000D+00  0.25000000000000D+00  0.39062500000000D+00
            0.41666666666667D+00  0.25000000000000D+00  0.42187500000000D+00
            0.50000000000000D+00  0.25000000000000D+00  0.43750000000000D+00
           -0.41666666666667D+00  0.25000000000000D+00  0.45312500000000D+00
           -0.33333333333333D+00  0.25000000000000D+00  0.46875000000000D+00
           -0.25000000000000D+00  0.25000000000000D+00  0.48437500000000D+00
           -0.33333333333333D+00  0.33333333333333D+00  0.45312500000000D+00
            0.41666666666667D+00  0.41666666666667D+00  0.39062500000000D+00
           -0.41666666666667D+00  0.41666666666667D+00  0.42187500000000D+00
            0.00000000000000D+00  0.00000000000000D+00  0.42187500000000D+00
            0.83333333333333D-01  0.83333333333333D-01  0.42187500000000D+00
            0.16666666666667D+00  0.83333333333333D-01  0.43750000000000D+00
            0.25000000000000D+00  0.83333333333333D-01  0.45312500000000D+00
            0.33333333333333D+00  0.83333333333333D-01  0.46875000000000D+00
            0.41666666666667D+00  0.83333333333333D-01  0.48437500000000D+00
            0.50000000000000D+00  0.83333333333333D-01  0.50000000000000D+00
           -0.41666666666667D+00  0.16666666666667D+00  0.50000000000000D+00
            0.25000000000000D+00  0.25000000000000D+00  0.42187500000000D+00
            0.41666666666667D+00  0.25000000000000D+00  0.45312500000000D+00
            0.50000000000000D+00  0.25000000000000D+00  0.46875000000000D+00
           -0.41666666666667D+00  0.25000000000000D+00  0.48437500000000D+00
           -0.33333333333333D+00  0.25000000000000D+00  0.50000000000000D+00
           -0.33333333333333D+00  0.33333333333333D+00  0.48437500000000D+00
            0.41666666666667D+00  0.41666666666667D+00  0.42187500000000D+00
           -0.41666666666667D+00  0.41666666666667D+00  0.45312500000000D+00
            0.00000000000000D+00  0.00000000000000D+00  0.45312500000000D+00
            0.83333333333333D-01  0.83333333333333D-01  0.45312500000000D+00
            0.16666666666667D+00  0.83333333333333D-01  0.46875000000000D+00
            0.25000000000000D+00  0.83333333333333D-01  0.48437500000000D+00
            0.33333333333333D+00  0.83333333333333D-01  0.50000000000000D+00
            0.25000000000000D+00  0.25000000000000D+00  0.45312500000000D+00
            0.41666666666667D+00  0.25000000000000D+00  0.48437500000000D+00
            0.50000000000000D+00  0.25000000000000D+00  0.50000000000000D+00
            0.41666666666667D+00  0.41666666666667D+00  0.45312500000000D+00
           -0.41666666666667D+00  0.41666666666667D+00  0.48437500000000D+00
            0.00000000000000D+00  0.00000000000000D+00  0.48437500000000D+00
            0.83333333333333D-01  0.83333333333333D-01  0.48437500000000D+00
            0.16666666666667D+00  0.83333333333333D-01  0.50000000000000D+00
            0.25000000000000D+00  0.25000000000000D+00  0.48437500000000D+00
            0.41666666666667D+00  0.41666666666667D+00  0.48437500000000D+00
    kptnrm  0.10000000000000D+01
     ngfft        27   27  135
    nspden         1
   nspinor         1
       occ  0.20000000000000D+01  0.20000000000000D+01  0.20000000000000D+01
            0.20000000000000D+01  0.20000000000000D+01  0.20000000000000D+01
            0.20000000000000D+01  0.20000000000000D+01  0.20000000000000D+01
            0.20000000000000D+01  0.20000000000000D+01  0.20000000000000D+01
            0.20000000000000D+01  0.00000000000000D+00
     rprim  0.86602540378444D+00 -0.50000000000000D+00  0.00000000000000D+00
            0.86602540378444D+00  0.50000000000000D+00  0.00000000000000D+00
            0.00000000000000D+00  0.00000000000000D+00  0.10000000000000D+01
  dfpt_sciss  0.00000000000000D+00
    spinat  0.00000000000000D+00  0.00000000000000D+00  0.00000000000000D+00
            0.00000000000000D+00  0.00000000000000D+00  0.00000000000000D+00
            0.00000000000000D+00  0.00000000000000D+00  0.00000000000000D+00
    symafm         1    1    1    1    1    1    1    1    1    1    1    1
    symrel         1    0    0    0    1    0    0    0    1
                   1   -1    0    0   -1    0    0    0   -1
                   0   -1    0    1   -1    0    0    0   -1
                  -1    0    0   -1    1    0    0    0    1
                  -1    1    0   -1    0    0    0    0    1
                   0    1    0    1    0    0    0    0   -1
                   1    0    0    0    1    0    0    0   -1
                   1   -1    0    0   -1    0    0    0    1
                   0   -1    0    1   -1    0    0    0    1
                  -1    0    0   -1    1    0    0    0   -1
                  -1    1    0   -1    0    0    0    0   -1
                   0    1    0    1    0    0    0    0    1
     tnons  0.00000000000000D+00  0.00000000000000D+00  0.00000000000000D+00
            0.00000000000000D+00  0.00000000000000D+00  0.00000000000000D+00
            0.00000000000000D+00  0.00000000000000D+00  0.00000000000000D+00
            0.00000000000000D+00  0.00000000000000D+00  0.00000000000000D+00
            0.00000000000000D+00  0.00000000000000D+00  0.00000000000000D+00
            0.00000000000000D+00  0.00000000000000D+00  0.00000000000000D+00
            0.00000000000000D+00  0.00000000000000D+00  0.00000000000000D+00
            0.00000000000000D+00  0.00000000000000D+00  0.00000000000000D+00
            0.00000000000000D+00  0.00000000000000D+00  0.00000000000000D+00
            0.00000000000000D+00  0.00000000000000D+00  0.00000000000000D+00
            0.00000000000000D+00  0.00000000000000D+00  0.00000000000000D+00
            0.00000000000000D+00  0.00000000000000D+00  0.00000000000000D+00
    tolwfr  0.10000000000000D+01
   tphysel  0.00000000000000D+00
    tsmear  0.10000000000000D-01
     typat         1    2    2
       wtk  0.86805555555556D-03  0.86805555555556D-03  0.26041666666667D-02
            0.17361111111111D-02  0.17361111111111D-02  0.86805555555556D-03
            0.86805555555556D-03  0.26041666666667D-02  0.17361111111111D-02
            0.26041666666667D-02  0.17361111111111D-02  0.17361111111111D-02
            0.17361111111111D-02  0.34722222222222D-02  0.86805555555556D-03
            0.17361111111111D-02  0.26041666666667D-02  0.13020833333333D-02
            0.17361111111111D-02  0.26041666666667D-02  0.17361111111111D-02
            0.26041666666667D-02  0.17361111111111D-02  0.17361111111111D-02
            0.17361111111111D-02  0.34722222222222D-02  0.17361111111111D-02
            0.34722222222222D-02  0.86805555555556D-03  0.86805555555556D-03
            0.52083333333333D-02  0.34722222222222D-02  0.26041666666667D-02
            0.17361111111111D-02  0.86805555555556D-03  0.13020833333333D-02
            0.17361111111111D-02  0.26041666666667D-02  0.17361111111111D-02
            0.26041666666667D-02  0.17361111111111D-02  0.17361111111111D-02
            0.17361111111111D-02  0.34722222222222D-02  0.17361111111111D-02
            0.34722222222222D-02  0.17361111111111D-02  0.34722222222222D-02
            0.86805555555556D-03  0.17361111111111D-02  0.52083333333333D-02
            0.34722222222222D-02  0.26041666666667D-02  0.86805555555556D-03
            0.17361111111111D-02  0.34722222222222D-02  0.86805555555556D-03
            0.86805555555556D-03  0.13020833333333D-02  0.17361111111111D-02
            0.26041666666667D-02  0.17361111111111D-02  0.26041666666667D-02
            0.17361111111111D-02  0.86805555555556D-03  0.17361111111111D-02
            0.34722222222222D-02  0.17361111111111D-02  0.34722222222222D-02
            0.17361111111111D-02  0.34722222222222D-02  0.17361111111111D-02
            0.34722222222222D-02  0.86805555555556D-03  0.17361111111111D-02
            0.52083333333333D-02  0.34722222222222D-02  0.26041666666667D-02
            0.17361111111111D-02  0.17361111111111D-02  0.17361111111111D-02
            0.34722222222222D-02  0.86805555555556D-03  0.86805555555556D-03
            0.86805555555556D-03  0.43402777777778D-03  0.13020833333333D-02
            0.17361111111111D-02  0.26041666666667D-02  0.17361111111111D-02
            0.26041666666667D-02  0.17361111111111D-02  0.86805555555556D-03
            0.17361111111111D-02  0.17361111111111D-02  0.34722222222222D-02
            0.17361111111111D-02  0.34722222222222D-02  0.17361111111111D-02
            0.34722222222222D-02  0.17361111111111D-02  0.34722222222222D-02
            0.86805555555556D-03  0.17361111111111D-02  0.52083333333333D-02
            0.34722222222222D-02  0.26041666666667D-02  0.86805555555556D-03
            0.17361111111111D-02  0.17361111111111D-02  0.17361111111111D-02
            0.34722222222222D-02  0.86805555555556D-03  0.86805555555556D-03
            0.86805555555556D-03  0.86805555555556D-03  0.43402777777778D-03
            0.13020833333333D-02  0.17361111111111D-02  0.26041666666667D-02
            0.17361111111111D-02  0.26041666666667D-02  0.17361111111111D-02
            0.86805555555556D-03  0.17361111111111D-02  0.17361111111111D-02
            0.34722222222222D-02  0.17361111111111D-02  0.34722222222222D-02
            0.17361111111111D-02  0.34722222222222D-02  0.17361111111111D-02
            0.34722222222222D-02  0.86805555555556D-03  0.17361111111111D-02
            0.52083333333333D-02  0.34722222222222D-02  0.26041666666667D-02
            0.86805555555556D-03  0.17361111111111D-02  0.17361111111111D-02
            0.17361111111111D-02  0.34722222222222D-02  0.86805555555556D-03
            0.86805555555556D-03  0.86805555555556D-03  0.86805555555556D-03
            0.43402777777778D-03  0.13020833333333D-02  0.17361111111111D-02
            0.26041666666667D-02  0.17361111111111D-02  0.26041666666667D-02
            0.17361111111111D-02  0.86805555555556D-03  0.17361111111111D-02
            0.17361111111111D-02  0.34722222222222D-02  0.17361111111111D-02
            0.34722222222222D-02  0.17361111111111D-02  0.34722222222222D-02
            0.17361111111111D-02  0.34722222222222D-02  0.86805555555556D-03
            0.17361111111111D-02  0.52083333333333D-02  0.34722222222222D-02
            0.26041666666667D-02  0.86805555555556D-03  0.17361111111111D-02
            0.17361111111111D-02  0.17361111111111D-02  0.34722222222222D-02
            0.86805555555556D-03  0.86805555555556D-03  0.86805555555556D-03
            0.86805555555556D-03  0.43402777777778D-03  0.13020833333333D-02
            0.17361111111111D-02  0.26041666666667D-02  0.17361111111111D-02
            0.26041666666667D-02  0.17361111111111D-02  0.86805555555556D-03
            0.17361111111111D-02  0.17361111111111D-02  0.34722222222222D-02
            0.17361111111111D-02  0.34722222222222D-02  0.17361111111111D-02
            0.34722222222222D-02  0.17361111111111D-02  0.34722222222222D-02
            0.86805555555556D-03  0.17361111111111D-02  0.52083333333333D-02
            0.34722222222222D-02  0.26041666666667D-02  0.86805555555556D-03
            0.17361111111111D-02  0.17361111111111D-02  0.17361111111111D-02
            0.34722222222222D-02  0.86805555555556D-03  0.86805555555556D-03
            0.86805555555556D-03  0.86805555555556D-03  0.43402777777778D-03
            0.13020833333333D-02  0.17361111111111D-02  0.26041666666667D-02
            0.17361111111111D-02  0.26041666666667D-02  0.17361111111111D-02
            0.86805555555556D-03  0.17361111111111D-02  0.17361111111111D-02
            0.34722222222222D-02  0.17361111111111D-02  0.34722222222222D-02
            0.17361111111111D-02  0.34722222222222D-02  0.17361111111111D-02
            0.34722222222222D-02  0.86805555555556D-03  0.17361111111111D-02
            0.52083333333333D-02  0.34722222222222D-02  0.26041666666667D-02
            0.86805555555556D-03  0.17361111111111D-02  0.17361111111111D-02
            0.17361111111111D-02  0.34722222222222D-02  0.86805555555556D-03
            0.86805555555556D-03  0.86805555555556D-03  0.86805555555556D-03
            0.43402777777778D-03  0.13020833333333D-02  0.17361111111111D-02
            0.26041666666667D-02  0.17361111111111D-02  0.26041666666667D-02
            0.17361111111111D-02  0.86805555555556D-03  0.17361111111111D-02
            0.17361111111111D-02  0.34722222222222D-02  0.17361111111111D-02
            0.34722222222222D-02  0.17361111111111D-02  0.34722222222222D-02
            0.17361111111111D-02  0.34722222222222D-02  0.86805555555556D-03
            0.17361111111111D-02  0.52083333333333D-02  0.34722222222222D-02
            0.26041666666667D-02  0.86805555555556D-03  0.17361111111111D-02
            0.17361111111111D-02  0.17361111111111D-02  0.34722222222222D-02
            0.86805555555556D-03  0.86805555555556D-03  0.86805555555556D-03
            0.86805555555556D-03  0.43402777777778D-03  0.13020833333333D-02
            0.17361111111111D-02  0.26041666666667D-02  0.17361111111111D-02
            0.26041666666667D-02  0.17361111111111D-02  0.86805555555556D-03
            0.17361111111111D-02  0.17361111111111D-02  0.34722222222222D-02
            0.17361111111111D-02  0.34722222222222D-02  0.17361111111111D-02
            0.34722222222222D-02  0.17361111111111D-02  0.34722222222222D-02
            0.86805555555556D-03  0.17361111111111D-02  0.52083333333333D-02
            0.34722222222222D-02  0.26041666666667D-02  0.86805555555556D-03
            0.17361111111111D-02  0.17361111111111D-02  0.17361111111111D-02
            0.34722222222222D-02  0.86805555555556D-03  0.86805555555556D-03
            0.86805555555556D-03  0.86805555555556D-03  0.43402777777778D-03
            0.13020833333333D-02  0.17361111111111D-02  0.26041666666667D-02
            0.17361111111111D-02  0.26041666666667D-02  0.17361111111111D-02
            0.86805555555556D-03  0.17361111111111D-02  0.17361111111111D-02
            0.34722222222222D-02  0.17361111111111D-02  0.34722222222222D-02
            0.17361111111111D-02  0.34722222222222D-02  0.17361111111111D-02
            0.34722222222222D-02  0.86805555555556D-03  0.17361111111111D-02
            0.52083333333333D-02  0.34722222222222D-02  0.26041666666667D-02
            0.86805555555556D-03  0.17361111111111D-02  0.17361111111111D-02
            0.17361111111111D-02  0.34722222222222D-02  0.86805555555556D-03
            0.86805555555556D-03  0.86805555555556D-03  0.86805555555556D-03
            0.43402777777778D-03  0.13020833333333D-02  0.17361111111111D-02
            0.26041666666667D-02  0.17361111111111D-02  0.26041666666667D-02
            0.17361111111111D-02  0.86805555555556D-03  0.17361111111111D-02
            0.17361111111111D-02  0.34722222222222D-02  0.17361111111111D-02
            0.34722222222222D-02  0.17361111111111D-02  0.34722222222222D-02
            0.17361111111111D-02  0.34722222222222D-02  0.86805555555556D-03
            0.17361111111111D-02  0.52083333333333D-02  0.34722222222222D-02
            0.26041666666667D-02  0.86805555555556D-03  0.17361111111111D-02
            0.17361111111111D-02  0.17361111111111D-02  0.34722222222222D-02
            0.86805555555556D-03  0.86805555555556D-03  0.86805555555556D-03
            0.86805555555556D-03  0.43402777777778D-03  0.13020833333333D-02
            0.17361111111111D-02  0.26041666666667D-02  0.17361111111111D-02
            0.26041666666667D-02  0.17361111111111D-02  0.86805555555556D-03
            0.17361111111111D-02  0.17361111111111D-02  0.34722222222222D-02
            0.17361111111111D-02  0.34722222222222D-02  0.17361111111111D-02
            0.34722222222222D-02  0.17361111111111D-02  0.34722222222222D-02
            0.86805555555556D-03  0.17361111111111D-02  0.52083333333333D-02
            0.34722222222222D-02  0.26041666666667D-02  0.86805555555556D-03
            0.17361111111111D-02  0.17361111111111D-02  0.17361111111111D-02
            0.34722222222222D-02  0.86805555555556D-03  0.86805555555556D-03
            0.86805555555556D-03  0.86805555555556D-03  0.43402777777778D-03
            0.13020833333333D-02  0.17361111111111D-02  0.26041666666667D-02
            0.17361111111111D-02  0.26041666666667D-02  0.86805555555556D-03
            0.86805555555556D-03  0.17361111111111D-02  0.17361111111111D-02
            0.34722222222222D-02  0.17361111111111D-02  0.34722222222222D-02
            0.17361111111111D-02  0.34722222222222D-02  0.17361111111111D-02
            0.34722222222222D-02  0.86805555555556D-03  0.17361111111111D-02
            0.52083333333333D-02  0.34722222222222D-02  0.26041666666667D-02
            0.86805555555556D-03  0.17361111111111D-02  0.17361111111111D-02
            0.17361111111111D-02  0.34722222222222D-02  0.86805555555556D-03
            0.86805555555556D-03  0.86805555555556D-03  0.86805555555556D-03
            0.43402777777778D-03  0.13020833333333D-02  0.17361111111111D-02
            0.26041666666667D-02  0.86805555555556D-03  0.86805555555556D-03
            0.17361111111111D-02  0.17361111111111D-02  0.34722222222222D-02
            0.17361111111111D-02  0.34722222222222D-02  0.17361111111111D-02
            0.34722222222222D-02  0.17361111111111D-02  0.17361111111111D-02
            0.17361111111111D-02  0.52083333333333D-02  0.34722222222222D-02
            0.26041666666667D-02  0.86805555555556D-03  0.17361111111111D-02
            0.17361111111111D-02  0.17361111111111D-02  0.34722222222222D-02
            0.86805555555556D-03  0.86805555555556D-03  0.86805555555556D-03
            0.86805555555556D-03  0.43402777777778D-03  0.13020833333333D-02
            0.86805555555556D-03  0.86805555555556D-03  0.17361111111111D-02
            0.17361111111111D-02  0.34722222222222D-02  0.17361111111111D-02
            0.34722222222222D-02  0.17361111111111D-02  0.17361111111111D-02
            0.17361111111111D-02  0.52083333333333D-02  0.17361111111111D-02
            0.86805555555556D-03  0.17361111111111D-02  0.17361111111111D-02
            0.17361111111111D-02  0.34722222222222D-02  0.86805555555556D-03
            0.86805555555556D-03  0.86805555555556D-03  0.86805555555556D-03
            0.43402777777778D-03  0.86805555555556D-03  0.17361111111111D-02
            0.17361111111111D-02  0.34722222222222D-02  0.17361111111111D-02
            0.17361111111111D-02  0.86805555555556D-03  0.86805555555556D-03
            0.17361111111111D-02  0.17361111111111D-02  0.17361111111111D-02
            0.17361111111111D-02  0.86805555555556D-03  0.86805555555556D-03
            0.86805555555556D-03  0.43402777777778D-03  0.86805555555556D-03
            0.17361111111111D-02  0.17361111111111D-02  0.17361111111111D-02
            0.86805555555556D-03  0.17361111111111D-02  0.86805555555556D-03
            0.86805555555556D-03  0.86805555555556D-03  0.43402777777778D-03
            0.86805555555556D-03  0.86805555555556D-03  0.86805555555556D-03
            0.86805555555556D-03
      xred  0.00000000000000D+00  0.00000000000000D+00  0.00000000000000D+00
            0.33333333333333D+00  0.33333333333333D+00 -0.98000000000000D-01
            0.33333333333333D+00  0.33333333333333D+00  0.98000000000000D-01
     znucl  0.42000000000000D+02  0.16000000000000D+02
      zion  0.14000000000000D+02  0.60000000000000D+01
 
 No information on the potentials yet 
 
 **** Database of total energy derivatives ****
 Number of data blocks=    2
  
 Total energy                 - # elements :       1
 -0.92359679940766D+02  0.00000000000000D+00
  
 1st derivatives              - # elements :      15
   1   1  0.00000000000000D+00  0.00000000000000D+00
   2   1  0.00000000000000D+00  0.00000000000000D+00
   3   1  0.00000000000000D+00  0.00000000000000D+00
   1   2  0.86164647140940D-26  0.00000000000000D+00
   2   2 -0.43082323570470D-26  0.00000000000000D+00
   3   2 -0.14260079775015D+01  0.00000000000000D+00
   1   3  0.00000000000000D+00  0.00000000000000D+00
   2   3 -0.43082323570470D-26  0.00000000000000D+00
   3   3  0.14260079775015D+01  0.00000000000000D+00
   1   6  0.34992235665886D-03  0.00000000000000D+00
   2   6  0.34992235665886D-03  0.00000000000000D+00
   3   6  0.53500620739784D-03  0.00000000000000D+00
   1   7  0.00000000000000D+00  0.00000000000000D+00
   2   7  0.00000000000000D+00  0.00000000000000D+00
   3   7  0.00000000000000D+00  0.00000000000000D+00
