 Eigenvalues (   eV  ) for nkpt=  38  k points:
 kpt#   1, nband= 14, wtk=  1.00000, kpt=  0.5000  0.0000  0.0000 (reduced coord)
 -62.02138  -36.27812  -36.10282  -36.00493  -12.89342  -12.85023   -6.44917   -5.68810
  -4.79028   -3.63151   -3.21851   -1.76069   -1.67149    1.21006
 kpt#   2, nband= 14, wtk=  1.00000, kpt=  0.4500  0.0000  0.0000 (reduced coord)
 -62.02738  -36.27149  -36.10475  -36.00849  -12.95407  -12.88086   -6.36859   -5.61812
  -4.77531   -3.60321   -3.19732   -1.81814   -1.69043    1.30482
 kpt#   3, nband= 14, wtk=  1.00000, kpt=  0.4000  0.0000  0.0000 (reduced coord)
 -62.02929  -36.24780  -36.10732  -36.00466  -13.12196  -12.96704   -6.14558   -5.41794
  -4.74164   -3.51867   -3.13146   -1.95003   -1.75183    1.10711
 kpt#   4, nband= 14, wtk=  1.00000, kpt=  0.3500  0.0000  0.0000 (reduced coord)
 -62.03034  -36.20805  -36.11337  -35.99666  -13.36428  -13.09414   -5.83826   -5.11562
  -4.71710   -3.38154   -3.01405   -2.06277   -1.86520    0.89072
 kpt#   5, nband= 14, wtk=  1.00000, kpt=  0.3000  0.0000  0.0000 (reduced coord)
 -62.03131  -36.15740  -36.12231  -35.98483  -13.64328  -13.24374   -5.56557   -4.75237
  -4.67845   -3.19672   -2.83847   -2.06457   -2.03349    0.69429
 kpt#   6, nband= 14, wtk=  1.00000, kpt=  0.2500  0.0000  0.0000 (reduced coord)
 -62.03682  -36.13165  -36.10724  -35.97247  -13.92620  -13.39796   -5.52311   -4.47322
  -4.37271   -2.97382   -2.60805   -2.24338   -1.94343    0.57832
 kpt#   7, nband= 14, wtk=  1.00000, kpt=  0.2000  0.0000  0.0000 (reduced coord)
 -62.03207  -36.13895  -36.05097  -35.95342  -14.18679  -13.54185   -5.69625   -4.09702
  -4.01252   -2.72552   -2.46626   -2.35376   -1.77483    0.60927
 kpt#   8, nband= 14, wtk=  1.00000, kpt=  0.1500  0.0000  0.0000 (reduced coord)
 -62.04077  -36.15087  -36.00539  -35.94361  -14.40745  -13.66433   -5.92608   -3.69300
  -3.68638   -2.67417   -2.47436   -2.14060   -1.64873    0.80238
 kpt#   9, nband= 14, wtk=  1.00000, kpt=  0.1000  0.0000  0.0000 (reduced coord)
 -62.04120  -36.15670  -35.96558  -35.93394  -14.57371  -13.75689   -6.12557   -3.42310
  -3.32387   -2.83925   -2.24857   -2.03035   -1.58897    1.14947
 kpt#  10, nband= 14, wtk=  1.00000, kpt=  0.0500  0.0000  0.0000 (reduced coord)
 -62.03952  -36.16071  -35.93614  -35.92840  -14.67692  -13.81445   -6.25725   -3.22695
  -3.07181   -2.94406   -2.08737   -2.01634   -1.57178    1.38407
 kpt#  11, nband= 14, wtk=  1.00000, kpt=  0.0000  0.0000  0.0000 (reduced coord)
 -62.04285  -36.16390  -35.92792  -35.92792  -14.71207  -13.83405   -6.30318   -3.15121
  -2.98084   -2.98084   -2.02830   -2.02830   -1.56961    1.49096
 kpt#  12, nband= 14, wtk=  1.00000, kpt=  0.0000  0.0500  0.0500 (reduced coord)
 -62.03983  -36.16115  -35.93648  -35.92809  -14.67692  -13.81445   -6.25727   -3.22693
  -3.07168   -2.94413   -2.08756   -2.01647   -1.57169    1.45121
 kpt#  13, nband= 14, wtk=  1.00000, kpt=  0.0000  0.1000  0.1000 (reduced coord)
 -62.04261  -36.15756  -35.96528  -35.93540  -14.57376  -13.75692   -6.12567   -3.42308
  -3.32403   -2.83927   -2.24893   -2.03036   -1.58913    1.15394
 kpt#  14, nband= 14, wtk=  1.00000, kpt=  0.0000  0.1500  0.1500 (reduced coord)
 -62.04182  -36.15121  -36.00526  -35.94491  -14.40751  -13.66436   -5.92618   -3.69288
  -3.68659   -2.67405   -2.47470   -2.14066   -1.64870    0.80105
 kpt#  15, nband= 14, wtk=  1.00000, kpt=  0.0000  0.2000  0.2000 (reduced coord)
 -62.04074  -36.14273  -36.05539  -35.95749  -14.18717  -13.54199   -5.69690   -4.09774
  -4.01304   -2.72624   -2.46706   -2.35388   -1.77567    0.60586
 kpt#  16, nband= 14, wtk=  1.00000, kpt=  0.0000  0.2500  0.2500 (reduced coord)
 -62.03498  -36.13282  -36.10462  -35.97146  -13.92600  -13.39797   -5.52304   -4.47292
  -4.37252   -2.97373   -2.60815   -2.24333   -1.94377    0.57773
 kpt#  17, nband= 14, wtk=  1.00000, kpt=  0.0000  0.3000  0.3000 (reduced coord)
 -62.03200  -36.15695  -36.12324  -35.98551  -13.64331  -13.24375   -5.56548   -4.75236
  -4.67844   -3.19691   -2.83846   -2.06472   -2.03350    0.69847
 kpt#  18, nband= 14, wtk=  1.00000, kpt=  0.0000  0.3500  0.3500 (reduced coord)
 -62.03139  -36.20849  -36.11389  -35.99727  -13.36423  -13.09410   -5.83863   -5.11585
  -4.71693   -3.38160   -3.01380   -2.06295   -1.86516    0.89068
 kpt#  19, nband= 14, wtk=  1.00000, kpt=  0.0000  0.4000  0.4000 (reduced coord)
 -62.02983  -36.24833  -36.10811  -36.00404  -13.12194  -12.96697   -6.14583   -5.41807
  -4.74139   -3.51911   -3.13122   -1.94957   -1.75173    1.12636
 kpt#  20, nband= 14, wtk=  1.00000, kpt=  0.0000  0.4500  0.4500 (reduced coord)
 -62.02800  -36.27141  -36.10303  -36.01098  -12.95405  -12.88081   -6.36844   -5.61804
  -4.77533   -3.60368   -3.19713   -1.81798   -1.69055    1.24662
 kpt#  21, nband= 14, wtk=  1.00000, kpt=  0.0000  0.5000  0.5000 (reduced coord)
 -62.02661  -36.28043  -36.10231  -36.00996  -12.89358  -12.85025   -6.44947   -5.68819
  -4.79078   -3.63213   -3.21842   -1.76127   -1.67164    1.39385
 kpt#  22, nband= 14, wtk=  1.00000, kpt=  0.0588  0.5294  0.5294 (reduced coord)
 -62.02540  -36.27737  -36.10070  -36.01634  -12.87724  -12.83864   -6.40163   -5.69228
  -4.77015   -3.70769   -3.19064   -2.11931   -1.48195    1.16923
 kpt#  23, nband= 14, wtk=  1.00000, kpt=  0.1176  0.5588  0.5588 (reduced coord)
 -62.02969  -36.26827  -36.09967  -36.04208  -12.83134  -12.80631   -6.26161   -5.71132
  -4.71543   -3.85408   -3.16710   -2.67400   -1.36263    1.07071
 kpt#  24, nband= 14, wtk=  1.00000, kpt=  0.1765  0.5882  0.5882 (reduced coord)
 -62.02798  -36.25069  -36.09714  -36.07331  -12.76539  -12.76049   -6.03918   -5.75825
  -4.64530   -3.96566   -3.30965   -3.19947   -1.27398    1.02188
 kpt#  25, nband= 14, wtk=  1.00000, kpt=  0.2353  0.6176  0.6176 (reduced coord)
 -62.03318  -36.22932  -36.11685  -36.09587  -12.71303  -12.69561   -5.83187   -5.75421
  -4.59951   -3.99069   -3.91850   -3.29176   -1.17392    1.02195
 kpt#  26, nband= 14, wtk=  1.00000, kpt=  0.2941  0.6471  0.6471 (reduced coord)
 -62.03435  -36.20426  -36.15408  -36.09475  -12.67877  -12.64370   -5.89918   -5.45601
  -4.69454   -4.29062   -3.94247   -3.40737   -1.07729    0.84213
 kpt#  27, nband= 14, wtk=  1.00000, kpt=  0.3529  0.6765  0.6765 (reduced coord)
 -62.03397  -36.19593  -36.16332  -36.09484  -12.67315  -12.63499   -5.91118   -5.38222
  -4.75877   -4.32562   -3.92658   -3.43314   -1.05869    0.91810
 kpt#  28, nband= 14, wtk=  1.00000, kpt=  0.4118  0.7059  0.7059 (reduced coord)
 -62.03317  -36.21358  -36.13527  -36.09453  -12.70791  -12.69285   -5.82723   -5.58416
  -4.52060   -4.22232   -4.02625   -3.27896   -1.16723    0.89248
 kpt#  29, nband= 14, wtk=  1.00000, kpt=  0.4706  0.7353  0.7353 (reduced coord)
 -62.03384  -36.21998  -36.10299  -36.09857  -12.82989  -12.78730   -5.70644   -5.62688
  -4.43199   -4.14727   -3.88980   -3.03391   -1.35318    0.82608
 kpt#  30, nband= 14, wtk=  1.00000, kpt=  0.5294  0.7647  0.7647 (reduced coord)
 -62.02993  -36.20726  -36.10441  -36.06798  -13.04180  -12.90679   -5.68372   -5.31045
  -4.45763   -4.21987   -3.47442   -2.76692   -1.53255    0.67873
 kpt#  31, nband= 14, wtk=  1.00000, kpt=  0.5882  0.7941  0.7941 (reduced coord)
 -62.03012  -36.18136  -36.11185  -36.03778  -13.30880  -13.05518   -5.54635   -4.90214
  -4.54305   -4.20742   -3.07444   -2.51425   -1.66324    0.48161
 kpt#  32, nband= 14, wtk=  1.00000, kpt=  0.6471  0.8235  0.8235 (reduced coord)
 -62.03206  -36.14246  -36.12293  -36.00979  -13.60331  -13.21814   -5.40113   -4.60644
  -4.47730   -4.05215   -2.72834   -2.30025   -1.76086    0.36884
 kpt#  33, nband= 14, wtk=  1.00000, kpt=  0.7059  0.8529  0.8529 (reduced coord)
 -62.03848  -36.13272  -36.10124  -35.98670  -13.89771  -13.38099   -5.44706   -4.45536
  -4.17672   -3.65221   -2.50967   -2.14012   -1.82036    0.39877
 kpt#  34, nband= 14, wtk=  1.00000, kpt=  0.7647  0.8824  0.8824 (reduced coord)
 -62.04454  -36.14383  -36.05513  -35.96684  -14.16820  -13.53113   -5.66409   -4.10552
  -3.93396   -3.13620   -2.52405   -2.03921   -1.75780    0.54317
 kpt#  35, nband= 14, wtk=  1.00000, kpt=  0.8235  0.9118  0.9118 (reduced coord)
 -62.04249  -36.15032  -36.00607  -35.94902  -14.39626  -13.65803   -5.91064   -3.70194
  -3.67887   -2.67781   -2.65833   -1.99285   -1.64989    0.78086
 kpt#  36, nband= 14, wtk=  1.00000, kpt=  0.8824  0.9412  0.9412 (reduced coord)
 -62.04237  -36.15696  -35.96720  -35.93524  -14.56858  -13.75402   -6.11892   -3.42776
  -3.33463   -2.83597   -2.29975   -1.99092   -1.58960    1.13140
 kpt#  37, nband= 14, wtk=  1.00000, kpt=  0.9412  0.9706  0.9706 (reduced coord)
 -62.03878  -36.16150  -35.93580  -35.92722  -14.67556  -13.81373   -6.25563   -3.22961
  -3.07408   -2.94318   -2.09300   -2.01321   -1.57147    1.39583
 kpt#  38, nband= 14, wtk=  1.00000, kpt=  1.0000  1.0000  1.0000 (reduced coord)
 -62.04285  -36.16390  -35.92792  -35.92792  -14.71207  -13.83405   -6.30318   -3.15121
  -2.98084   -2.98084   -2.02830   -2.02830   -1.56961    1.49206
